0 0
25 631568356
13 18925862
1 1
2 6878
1 2
1 1
2 10
1 1
1 110
0 0
1 36
11 4796
1 29
1 4
6 2209209
0 0
3 8
1 2
9 30770061
1000000000 500000000500000000
1 3
1000000000 500000000500000000
0 0
1 5
1 1
6 6615501
3 8233825
2 1035
2 4
7 1288
0 0
1 3
16 1617883221
2 10
0 0
1 5739
15 102584
3 1100
1000000000 500000000500000000
2 4
1 1
0 0
1000000000 500000000500000000
1 1
0 0
0 0
1 1
2 8
1 1
0 0
5 8720
4 3922
1 28
1 1
4 7130
1 2
1 1
1 1
13 12010
1000000000 500000000500000000
1000000000 500000000500000000
5 58
1 149
14 18583947
14 94363165
7 12266
1000000000 500000000500000000
5 50
2 3488
0 0
0 0
7 4017
2 7
1 1
0 0
2 4408
36 15752
1 323
1 89
7 66136
1000000000 500000000500000000
2 9585
6 3626
2 4
9 191
1000000000 500000000500000000
11 11580
1 1
0 0
1 2391
1 7
1 7
1 3
1 2
0 0
1 70
1 228
1 28
1 77
1000000000 500000000500000000
1 1
3 128
0 0
21 2618217
1 2
1 6
4 934
1 26
275 37950
5 557348
5 5039
3 12602
23 543932904
0 0
9 19376492
2 4
1000000000 500000000500000000
0 0
1 320757
1 21
2 11114
2 36
0 0
0 0
5 7333
3 33
1 3246
1 28
3 9770
1 2
1 3413
7 27169
4 502029
2 8
1 156
1 2
2 13018
1000000000 500000000500000000
0 0
2 4
1 1873
4 746
0 0
1 2
7 110344
1 4
1 3
1 1329
1000000000 500000000500000000
3 104
2 17
0 0
0 0
1 36
2 402
2 45636
1 1
1 6
1 1
3 594183095
5 1129
0 0
1 2
2 11
5 255
5 103
1000000000 500000000500000000
4 4224191
5 2745
1 496
1 7693
2 9
1 2
1 146
8 7564
5 831512
3 32
3 38
1 14
8 429923039
5 709866692
5 1399
3 14072
1 1
3 55
1000000000 500000000500000000
2 8
1 1
1 133116
1 1
0 0
1 39
7 113800113
6 4974
0 0
5 57
7 1176018
31 8032
21 89485928
2 87
1 2866
7 39575908
3 2870
3 4018415
3 85913
15 3632
0 0
4 74
7 44749816
1 609
5 166
3 560094847
1 1
0 0
2 10
1 4779
2 10
1 8
0 0
1 1
0 0
1 6
1 12
1 1
1 1
3 937040823
1 24316
3 11
1 1
3 92
2 3
2 264
1 1
3 1400
1000000000 500000000500000000
1 2989
1 305243
1 44668686
1 2
13 66458627
4 217
1 3
1 2339
1000000000 500000000500000000
15 1436721824
0 0
4 28
1 12
13 2014
3 1713
1 3
2 352
0 0
1 58
0 0
2 760
1 31
0 0
1 2
1 1
2 998
2 4
4 98997
0 0
2 294
1000000000 500000000500000000
2 925
3 904460
0 0
0 0
1 18
2 8188
1 8
0 0
0 0
5 1393
3 8
3 18
5 22
1 76
1 19
7 137192632
1 1
1 967
1 180835134
1000000000 500000000500000000
2 38
1 1
14 268654037
1 6
1 2279
6 1389174
2 9962
1 10
1 977
3 50837882
466 108811
2 1554
1 3766944
1 2
1 199
10 817
1 3
0 0
0 0
2 14
1 32
5 36
11 684762
3 7353
1 64
1 1
1 4
1 2
1 1
5 613
11 901812
1 5
14 27079344
1 30
1 791
1 8
1000000000 500000000500000000
2 10307
0 0
3 65585284
1 3
1 9470
2 12
2 4
1000000000 500000000500000000
1 1
12 12873
1 1
3 6233
7 1930920
1 5
1 2
3 1236
2 520
2 10
7 856
3 5209
3 697580691
1 6
0 0
15 53378499
1 4005
5 81
18 14666
1 2
2 8
1 1
1000000000 500000000500000000
1 1
2 23
2 8
1 1
1 1
1 50
0 0
6 4416
0 0
22 1201170
7 15400
2 8
8 823527204
1 1
1 262035
1 1
1 1520
7 4907008
3 11
1 4
1 9
1 4269628
1 483
7 836632
14 6228242
1 22
2 1334
4 1032
1 49963338
3 5336
7 10586
0 0
5 67
5 53
1 3
1 13
0 0
0 0
7 575451352
3 8
5 5132
1000000000 500000000500000000
1 1
10 201813852
2 12
1 1
2 70
5 121
7 601772
7 9788824
3 545
1 1
4 195
0 0
2 3986
8 724
1 2
1 1
1 7
2 8
1000000000 500000000500000000
1 37872
2 4239
3 56
4 215
1 1
1 2
0 0
3 809
1 4
22 143089
5 337730
4 4882
2 4044
1 35
1 28
1 5
1 1
2 453396
1 1
5 54
0 0
3 14
0 0
1 3
7 82
15 253759664
2 435299098
2 14762
3 32411
2 2753
1 1
6 463601828
2 4106
1 1
9 737
1 1
0 0
0 0
1 1
2 1130664
2 11123
2 512
3 32
1 679227997
1 358
1 7
2 564820
3 2627
3 14
1 6
5 6780
1 5850
1 1
5 17559
3 58978079
1 1
1 19122
5 6597
1 31
1 1
2 8
6 2978
1 2
7 158088810
62 77633
3 8676
1000000000 500000000500000000
1000000000 500000000500000000
3 138001
3 36
22 74699473
1 16583
1 62
1 1116
3 14
1 39
3 841881
3 76874
1 6
4 52
2 5
1 15
3 27
1 1
