17 1831175377
2 609757842
3 743304987
25 2121624176
3 790868079
5 1008821895
7 1202438586
151 3383012928
9 1359636987
84 3044672451
3 640906041
2 612154014
7 1176943151
4 813243996
3 707197023
3 683983701
2 602690182
21 1974972192
12 1549491756
35 2391432666
3 794002920
3 764129706
3 748141920
14 1676776516
2 596599626
5 976017650
4 929219480
18 1838648538
3 771814473
4 849293492
11 1525059436
11 1502370143
4 823799144
18 1885118508
73 2956332794
2 574762248
3 696310077
3 692310855
3 647459886
5 1045298170
23 2083851339
4 874279460
4 923017452
7 1221763668
5 1064794305
3 722320149
12 1565267604
3 701290212
3 674010912
22 2051750914
35 2400486151
81 3025901295
3 657418611
4 908784912
9 1353391266
37 2461928186
54 2734741293
4 820666232
8 1272373192
19 1914239706
3 664959597
3 662436876
23 2075220474
3 652752453
3 721794933
43 2551946842
5 964633000
4 856195812
4 916401584
7 1256509890
5 955791960
4 837149632
4 915382536
39 2499091189
3 755659245
3 714189348
18 1861104150
2 583781648
7 1201616359
2 576008088
16 1785135380
7 1224354340
3 617795379
3 722641158
3 749164593
4 858520076
26 2136228504
10 1460414430
4 829027276
6 1079733366
13 1627621394
3 777315318
3 778017678
3 772825623
4 904507676
3 687873945
10 1423250760
3 756712398
5 1042220100
9 1364650167
4 867813524
8 1276250472
9 1349093811
10 1429156690
4 911046396
37 2468086244
3 684649713
22 2035935642
7 1246747340
19 1916053484
5 1036701365
5 1033255540
4 851158548
9 1362132597
7 1194856648
3 613517511
9 1407914364
9 1367229972
3 660217293
2 605197266
5 1028177000
3 795191463
5 1030332960
3 655819164
3 742314159
41 2524446329
198 3503041974
18 1876485780
13 1606183029
3 672917202
4 825340516
3 782049876
19 1927858469
2 584047216
23 2065360466
2 611861182
12 1601755116
3 687197163
4 936190712
3 673210176
4 818385004
5 1042002745
13 1646651652
23 2082467245
10 1430291780
5 1012611860
3 624086694
8 1341032032
16 1770805908
68 2894637587
3 781293825
4 924502848
4 890960816
4 838554252
7 1201300295
18 1864084212
8 1278608904
3 777532917
3 721992414
3 624870648
3 725247387
4 908895788
7 1205984303
3 693374694
3 640680009
3 698882310
3 717054804
3 675737877
6 1066040754
6 1144611828
10 1466743850
8 1310880424
2 581963444
8 1303005328
4 861606812
9 1361096067
3 775075974
3 671852040
4 821185556
32 2335134386
6 1099665204
5 952218720
23 2084085249
9 1389009792
16 1764392132
13 1651145635
5 957757710
34 2363628260
3 666728241
18 1864825830
2 594112286
9 1353108657
16 1784549460
14 1669768956
5 950408405
16 1785918820
4 870885056
9 1347410361
2 574270740
2 573512528
4 852110220
3 629203275
20 1946701860
7 1216551853
6 1067669400
7 1195979791
2 610174028
31 2288976585
3 691435122
4 855268184
10 1479759740
2 588208852
2 583066460
5 1044676590
2 602073870
4 833113740
3 668362080
33 2354961862
9 1371011439
3 653524620
51 2689253184
7 1202210351
3 687155040
17 1807259624
22 2042552274
3 621375585
4 927952644
15 1718923125
3 686056908
7 1202371554
2 600710726
5 1040715140
5 1053905015
5 945009365
44 2592016426
17 1814304951
146 3368917299
3 747210288
18 1856725470
11 1516923451
6 1146090300
4 909103384
3 715470552
27 2205419179
385 3709487742
3 729493470
5 1028469395
4 854874636
2 609489136
3 731243304
4 821840956
24 2102043732
4 817422796
3 639218757
12 1590322440
30 2276308096
12 1577197956
5 956217910
3 698418900
3 745101309
2 607777592
3 775476483
13 1650197805
2 573421874
36 2432097142
12 1565800236
4 855901444
13 1632849201
2 577005152
21 1992152376
3 673114365
6 1159274562
6 1087567278
4 861307948
87 3074180364
10 1425947890
8 1305414264
3 753979668
5 973102890
9 1379531433
5 1009171240
7 1182688023
3 681053844
10 1480992760
2 576486802
3 777557862
4 895893796
249 3591306048
6 1067178432
9 1381965726
5 1052822475
4 880475584
5 987006340
16 1768644068
3 729082542
5 983446840
85 3056768121
49 2658767652
18 1897274898
3 766362840
4 941485144
47 2635883594
6 1103516718
4 889363688
3 670111971
3 779808009
27 2205018742
6 1105734522
25 2117075426
36 2425718374
118 3250319646
3 694183527
6 1165072266
5 1034356795
5 964937360
15 1722297555
2 575860774
3 765329313
5 1044965245
86 3059662965
11 1495152405
5 962141625
4 882313256
7 1181401997
15 1716527340
5 1049065440
16 1778982196
3 621946563
5 1038655745
7 1251008219
3 733817343
4 802759592
5 978550660
5 1000521630
5 1061584835
49 2654773172
3 793181868
7 1251926780
3 738763341
6 1127299722
18 1885845888
7 1214586575
16 1753294468
5 1019356215
3 680676042
3 744544620
89 3087319157
24 2097753060
3 773363844
17 1794961093
15 1745010735
10 1419470930
19 1922959870
12 1560939672
22 2033715314
5 1014236940
4 797780380
3 621625716
3 746507088
21 1998139203
41 2525139270
3 740675892
4 810820364
4 842992228
34 2365839348
4 854608864
5 974468585
3 680970894
5 957476550
13 1603046103
21 2017093992
42 2547127464
20 1957809720
7 1203576716
4 885333244
13 1609163474
18 1897813836
3 723780858
15 1745606085
4 914230940
3 626281890
3 677343522
8 1331361320
9 1399832661
7 1175575435
2 595985732
5 1037148720
17 1818881538
11 1505804310
2 573050124
70 2917800195
21 1984577151
4 862743804
10 1465629820
6 1154343768
3 633188034
4 809164968
4 929701324
4 878445576
29 2243941057
32 2331934610
4 807713260
25 2125857176
34 2374381746
3 656192436
9 1357296564
3 686127327
4 910286364
5 978480735
3 729869466
3 644362662
20 1957766520
3 645766842
5 963936200
5 1012223895
11 1508617769
5 1046675615
21 2012150718
3 642988086
20 1970249340
23 2080628211
7 1228521090
3 759216828
8 1335540656
30 2265766936
11 1486150764
3 658258407
6 1086300576
3 671109285
9 1352567280
9 1355175651
5 1035689865
4 813390972
3 680234526
9 1412002560
2 607390370
18 1877933160
3 720281385
6 1114059378
18 1892955456
6 1168257414
9 1359528204
3 629947551
2 596797456
2 583292654
4 866513136
3 700563786
4 878238264
38 2487377220
2 592982766
4 851677744
8 1339026888
3 773512152
56 2754398397
2 581506496
5 1023505705
26 2173685378
41 2525384819
2 594537668
2 596550714
5 1015133075
5 1060983915
5 957859700
7 1249911823
4 866148356
12 1563021648
15 1707210720
3 657570816
2 608510290
5 951776915
7 1232594075
5 1047990090
27 2179850233
13 1639457608
18 1864517148
11 1502156391
133 3320239796
4 817249768
11 1530445399
18 1838392650
8 1282003776
99 3149771944
18 1863396936
7 1191593808
56 2771620133
3 722331237
2 592499120
9 1377014934
4 846088916
2 576106694
4 823287996
3 767863977
4 834318960
12 1587632616
8 1337687824
4 939336684
9 1344590103
18 1903786866
2 575085528
3 684613827
