1 123121
1 887
1 58
1 250
1 11942
1 14
1 3847396
1 5
1 205464
1 3614
1 24
1 1
1 1502
1 192
1 82260
1 123682
1 8870816
1 98
1 8282
3 14951299
1 390417
1000000000 500000000500000000
1 47039
1000000000 500000000500000000
1000000000 500000000500000000
1 430
1 1291110
1 3198662
1 266092
1 634777
1 514615
1 9
1 13814735
1 272293
1 328179
1000000000 500000000500000000
1000000000 500000000500000000
1 193
1 4
1 95814
1 2376025
1 201697
1 9
1 21803
1 111968
1 26
1 156539
1 11377
1000000000 500000000500000000
1 3
1000000000 500000000500000000
1 17
1 1594859
1 12394
3 3231
1 492259
1 392
1000000000 500000000500000000
1 1677
1 100
1 3383
1 3527
1 13
1 1634174
1 615
1000000000 500000000500000000
1000000000 500000000500000000
1 2495
1 298
1 250224
1 71481
1 2848
1 34
1 11513394
1 4392825
1 10
1000000000 500000000500000000
1 1402
1000000000 500000000500000000
1 1975703
1 10636
1000000000 500000000500000000
1 49
1 469247
1 1343
2 8026472
1 42
1 10557
1 1840
1 2489735
1 125698
1 6
1 427281
1 1
1 181
1 85
1 1200
1 11975
1 15
1 6437342
1 2610001
1 30999
1 48120
1 24816
1 4730438
1 45
1 14111
1 1740680
1 228
1 137
1 671
1 11795
1 46
1 285085
1 8
1000000000 500000000500000000
1 12129
1 23
1 60
1 291953
1 315854
1 236
1 28021
1 34
1000000000 500000000500000000
1 158
1000000000 500000000500000000
1 2576242
1 4302
1 1843918
1 1
1 3733
1 308
1 138
1 2830171
1 1075050
11 1124805
1000000000 500000000500000000
1 1339
1 88173
1 3423014
1 8719
1 294
10 22675990
1 248322
1 3426953
1 14966
2 13606162
1 17841
1 2479
1 38
1 8
1000000000 500000000500000000
1 167
1 161
1 13157
1 22
1000000000 500000000500000000
1 24679
1 6804041
1 1302521
1 29
1 102
1 8394
1 21793
1 11160
1 24
1 118835
1 3
1 135
1 55733
1 266145
1 85
1 167598
1 11026
1 108129
1 103
1 102060
1 99
1 2630198
1 40
1 49
1 1201
20 18974568
1 1594
1 101918
1 6
10 14600654
1000000000 500000000500000000
1 53
1 4068
1 2270
1 449106
1 627794
1 7443
1 67867
1000000000 500000000500000000
1 10183
1 23
1 32
1 12485
1 2281430
1 3066527
1 1241
1 2307621
1 180465
1 1620
1 10958
1000000000 500000000500000000
1 22304
1 168
1 273
1 57295
1 33707
1000000000 500000000500000000
1 5911
1 17
1 108
1 5961
1 3705
1 847717
1 79
1000000000 500000000500000000
1 68
1 117115
1 5458
1 115443
1 188492
1 25324
1 101971
1 319469
1 1948398
1 19642
1000000000 500000000500000000
1 363429
1 15368
1 1588
1 106
1 2717
4 11714636
1 3
1 847061
1 9
1 8
1 1771
1 7
1 2056
1 7517
1 14219
1 1665
1 125556
1 643
1 150182
1 2329
1 36
1 558
1 521
1 154
1 338
1 4
1 88
1 15
1 301
1 1323
3 365
1 46
1 78
1 1037986
1 743
3 1311500
1 1201329
1 6763
1 12986
1 42
1 1306
1 4945424
1 91912
1 323
1 46
1 3878
1 21840
1 1034015
1 187
1 1230991
1000000000 500000000500000000
1 25447
8 28136256
1 48950
1 67492
1 426
1 29
1 11
1000000000 500000000500000000
1 660
1 18516
1 1174347
1 94574
1 292
1 2
1 3130
1 29
1 34865
1 2
1 240627
1 2471570
1 7886
1 65
1 4774
1 6601
1 13009
1 412869
1 141502
1 14072
1 112928
1 706
1 85
1 70
1 43
1 72235
1000000000 500000000500000000
1 852165
1 69
1 94798
1 366
1 18425
1 140136
1 7
1 157655
1 29
1 23
1 569
1 23876
1000000000 500000000500000000
1 2899
1 979
1 5142
1 1877
1 16
1 1716
1 44793
1 534
1 730988
1 1972111
1 21673
1 89938
1 194650
1 16123
1 3880559
1 38
1 205
1 1073
1 153000
1 763
1 746
1 15499
1 1627
1 60416
1 1157442
1 2
1 2723
1 103781
1 837076
1 8
1 9
1 6393
1 4910
1 1308
1 1121029
1 24
1 11372
1 2584
1 1321
1 8
1 3177
1 26379
1 6885
1 615962
1 10862
1 3040
1 4874
2 224
4 9732444
1 67
1 9
1 137
1 1882
1 3947
2 796834
1 42
1 13267
1 142
1 127
1000000000 500000000500000000
1 3
1 404
1 10
1000000000 500000000500000000
1 89
1 9398
1 92
1 662700
1 16
1 16
1 1759811
1 1283
1 413
1 32
1 5423
1 1918871
1 77
1 590353
1 1225196
1 3820
1 2523460
1 831
1 21
1 3428
1 92036
1 47956
1 56351
1 2776
1 32
1 11122
1 6
1 2032061
1 11319
1 903
1 568768
1 35
1 38
1 5824
1 179772
1 2976732
1 2063275
1 5068630
1 45
1 1640
1 62
1 359015
1 6352
1 132945
1 780907
1 1933449
1 364
2 10240232
1 19
1 697771
1 39930
1 103
1 7
1 25973
1 1386
1 859451
1 955
1 1481
1 747683
1 3006
2 20878662
1 21031
1 1537
1 3216
1 173065
1 98248
1 31
1 518546
1 799
1000000000 500000000500000000
1 997268
1 3
1 43896
1 9
1000000000 500000000500000000
1 111758
1 51
1 23346
1 3655
1 341658
1 240
1 13
1000000000 500000000500000000
1 287
1 11043
1 358
1 609
1 178797
1 1787
1 5191
1000000000 500000000500000000
1 15467
1 2
1000000000 500000000500000000
1 47029
1 33
1 1437949
3 327707
1 191
1 269
1 1482
1 1
1 1158
