1 10948252
2 290995083
1 12227
1 62646
1 456148
1 1606838
1 69009237
1 76066538
1 3945
1 10354
1 20996041
1 12594
1000000000 500000000500000000
1 1774442
1 230803
1 52
1 4
1 400
1 20840838
1 3155890
56 48210675
1 293
1 485
1 148108
1 947844
1 22565
1 15551
1 2058649
1 17
1 6744213
1 1961476
1 16914
1 54627
2 189841995
1 642
3 48422118
1 16487
1 41
1 598
1 111
1 254524
1 271540
1 2308
1 97
1 904
1 118547
1 2831
1 5631821
1000000000 500000000500000000
1 13
1 53709
1 35
1 11
2 87253544
1 208
1 6508
1 1478
1 149
1 2420723
1 365
1 836
1 308
1 27540
1 5603693
1 522416
1 4326
1 23406059
1 23741
1 3524226
1000000000 500000000500000000
1 4061603
1 4
1 21323
7 45559211
12 65178369
1 5
1 16
1 10304923
2 64290237
1 270
1 73
1 4207603
1 21
1 6184
1000000000 500000000500000000
1 95
1 97317
1 878161
3 89015100
2 48240283
1 5778104
3 340739070
1 485
1 792516
1000000000 500000000500000000
1 354275
1 57
2 66472475
1 43
1 8
1 877
1 10918
1 953
1 45
1 23324043
1000000000 500000000500000000
1 1770
1 844476
1 4123838
1 4
1 1580027
1 28
1000000000 500000000500000000
1 64921019
1 31286
1 11009050
1 2516381
1 6
1 73
1 6
1 12329492
1 26
1 1580700
1 11293
1000000000 500000000500000000
1 141362
1 5
1 1
1 406
1 4741
1 105
1 27390
1 1126266
1 34
4 235027403
1 41
1 1260750
1 70401
6 918926013
1 230
1 36
1 2
1 2
3 110916630
1 1374
1 182
1 155
1 2216
1000000000 500000000500000000
2 46307911
2 10978330
1 24356420
1 36265
1 14494372
1 37118
1000000000 500000000500000000
1 2373
1 1713462
1 44433
1 407944
1000000000 500000000500000000
1 2640
1000000000 500000000500000000
1 4
1 451
1 21982
1 633740
1 38
1 121
1 32458
1 1
1 3
1 68145
1 29782
1 89744
1 971
1 3
1 107011
34 996434471
1000000000 500000000500000000
1 122968
1 62
1000000000 500000000500000000
5 439836161
1 86
1 42447652
1 122
1 66596
1 89
1 8408796
1 12611525
1 29892
1 52179
3 92971119
1 2023976
1000000000 500000000500000000
1 1005598
2 494
12 15667251
1 4073
1 2236
1 6
1000000000 500000000500000000
1 669
1 204623
1 9749
1 1885977
1 833611
1 14
1 6
1 97512
1 1
1 29
1 57741
1 157015
1 2442367
1 7527046
1 3780
4 641591601
1 27066603
1 235774
11 986222298
1 3339
1 3
1 49
1 15795
1 1492196
1 11
1 96
1 214783
1 7148
1 21
1 640835
1 485395
1 423676
7 350135535
1 102794
1 337609
1 218210
1 424488
1 6
1 2544
1 28323
1 2264
1 2
1 145
1 2308
2 439733247
1 1524097
1 627
1 706623
1 3089775
1000000000 500000000500000000
1 116
1 147
1 8
1 690497
1 5
175 1239941419
1 1201
1 30
9 562527243
1 813263
1 14512006
1000000000 500000000500000000
1 17
1 489026
1 2
3 167203299
1 13013
1 822
1 20852
1 43
1 14938082
12 1154421864
1 34781
1 19711
5 143009827
1 1487
1 889
1 19565
4 198078191
1 99888686
1 41979
1 56
1000000000 500000000500000000
1000000000 500000000500000000
1 1452238
1000000000 500000000500000000
1 271998
1 11952824
1 2208415
2 43132517
1 2542
1 12913
2 1686
1 2
1 1
1 14105
1 68
13 134370755
1 23417
1 46786
1 9
1 425
1 2173696
1 47021419
1 242
1 10848
1 197
1 6797321
1 7
1 3762
1 4681170
1 14
1 5338927
1 20436
1 305
1 17852
1 82678
1 34
1 17
1 18826
1 207
1 242196
1000000000 500000000500000000
1 131379
1 12621
1 687
1 5768
1 339
1 12
1 72714
1 504
1 376
1 409
4 206950411
1000000000 500000000500000000
1 71
1 1546
1 32160
1 22285351
1 52
1 383
1 8
1 2795087
1 3
1 462
1000000000 500000000500000000
1 6
1 45039
1 971776
2 308859998
1 116387
1 423
1 55363
1 214
1 15026
1 8606
1 30869
1 5
1 29
1 6
1 2763
1 77612
1 12133
1 39
1 179771
1 5486814
1 1242558
1 590
1 43
1 2230
1 465
1 6854103
1 30
1000000000 500000000500000000
1 32632
4 133715332
1 299140
1 56
1000000000 500000000500000000
1 107651
1 683240
1 18895
4 384335484
1 417
3 369556455
1000000000 500000000500000000
1 7056
1 2247
1 1850
1 396462
1000000000 500000000500000000
1 43
1 8
1 42
1 107
1 40
1 715
1 169
1 12674001
1 15
1 1734607
1 268
1000000000 500000000500000000
1 4960
1 2098
1 33
1 707
1 1621840
1 9
1 2273361
1 11
1 10
1 102
1 1
1 13781
1 264
1 424612
1 13027
1 23
1 49
1 5004
1 274429
1 96110
1 13
1 2177
1 5
1 122
1 163
1 24145
1 4805667
1 268
2 474986427
1 65
1 1281439
1 15704229
1 4418674
1 66877411
1 16
1 1638
1 56
1 14979
1 1096187
1 178718
1 4387
1 9246
1 3992955
1 5790
1 4367215
1 8098693
1 19
1 4309647
1 640
1 2735693
1 204246
1 4144
4 117667856
1 1214267
1 115
1000000000 500000000500000000
1 6283
1 1714
1 1
1 10673
1 37
1 178405
1 4357
1 28
1 1936
1 18630
1 664
1 14119
1 1195
1 451746
1 2809360
1 339280
1 154
1 1541
1 16091
1 7454644
1 151
1 5
1 1
1 83158572
1000000000 500000000500000000
2 5047919
3 933
1000000000 500000000500000000
1 8
1 29488
1 350474
1000000000 500000000500000000
1 6
1 19
1000000000 500000000500000000
1 409001
1 1974816
1 6111
