733686393 269147862003518421
974814317 475131476801495403
314673126 49509588270642501
261604100 34218352699207050
250972352 31493560859692128
58642240 1719456185429920
26403492 348572208098778
789669437 311788910260783203
795057458 316058181158239611
765142258 292721337871240411
292428558 42757230913193961
5014861 12574417932091
458173463 104961461327792916
736896653 271508338969749531
705843430 249107474190004165
587132644 172362371118781690
427408265 91338912708859245
454296653 103192724690649531
645821313 208542584485432641
491120299 120599574290484850
936540409 438553969313213845
704180515 247935099204922870
600292169 180175344381508365
37131963 689391356682666
508523180 129297912552917790
584606772 170882539226433378
253950269 32245369689561315
912895781 416689353940247871
613164344 187985256683057340
224819289 25271856465642405
196663406 19338247728092121
307855722 47387572937998503
484873993 117551394786319021
748383646 280039041174318481
812266882 329888744203134403
44578306 993612705203971
563514336 158774203720517616
578801349 167505501091510575
851340851 362390622716372526
15132120 114490535413260
717310545 257267209342753785
244965059 30003940187919270
222393551 24729445874391576
713058249 254226033590002125
430655811 92732213989361766
273485376 37397125579673376
889755064 395832037401699580
383028779 73355522962629810
593255281 175975914513822121
439882521 96748316360598981
136243939 9281205525239830
104670274 5477933181952675
502658797 126332933352073003
683727839 233741879253668880
918737754 422039530771851135
871110602 379416840893956503
798357146 318687066683811231
68199255 2325569225377140
556061884 154602409696845670
962098802 462817052885967003
939814319 441625477568624040
233958906 27368384965337871
515583674 132913262705460975
972236637 472622039648653203
75789113 2871994862557941
41630069 866531343287415
174468762 15219674544140703
234439330 27480899842644115
461633432 106552713000866028
510852136 130484952683307316
557702838 155516228035478541
213769931 22848791806757346
896889855 402205706449405440
668867241 223691693375909661
637546492 203232765049526278
226629720 25680515106954060
369705462 68341064501169453
538227008 144844156339429536
760833389 289433723289029355
665321786 221326539795775791
993788121 493807415217249381
598945130 179367634674831015
97484192 4751583893688528
50258522 1262959541941503
785504600 308508738703332300
74653529 2786574733403685
748794431 280346550322704096
155848466 12144372255200811
751694583 282522373431619236
241299312 29112679106486328
169412998 14350382030380501
315016881 49617817814992521
677960590 229815281135554345
799634377 319707568839906253
428493769 91803455250159565
331503098 54947152157550351
435600584 94873934608370820
521617329 136042319217355785
720447213 259522093719957291
61901475 1915896334538550
104628134 5473523264475045
782416168 306087530365110196
289643500 41946678690946750
610598616 186415335235857036
738968060 273036897219565830
528573028 139694723228830906
915854932 419395128692289778
785901239 308820379123818180
967041008 467584156060348536
890816333 396776870015191611
535803846 143542880962097781
394268115 77723673449960670
736716672 271375727769736128
871996673 380189099297532801
656028025 215186385120714325
535986868 143640961602218146
196461050 19298472181781775
295502159 43660763134581720
721322422 260153018600634253
933585492 435790935903233778
532147588 141590527973182666
356661822 63603827814510753
492030812 121047160224705078
429148065 92084031061196145
936336532 438363051047061778
169074565 14293104349506895
931837788 434160832038285366
555789055 154450737106791040
276069751 38107253846635876
624422418 194951678362694571
623714875 194510122959990250
337607621 56989453047443631
716276172 256525777645624878
320540550 51373122257421525
482132373 116225812788371751
836265406 349669915054305121
287340552 41282296555502628
905207733 409700520394103511
521927575 136204197033654100
98007720 4802756638803060
336072434 56472340615378395
513826344 132008756151116340
991528066 491563953328614211
554235318 153588394136398221
806087974 324888911316756325
17382812 151081085205078
752575533 283184966811404811
560618767 157146701236609528
18557076 172182544113426
440760707 97135000637950278
764801409 292460597986593345
797640526 318115204757598601
98550272 4856078104912128
124364673 7733286007380801
29801980 444079020861190
964439810 465072074038637955
962013313 462734807675624641
873360110 381378941306286105
59526449 1771699095038025
946100270 447552860920086585
559011076 156246691824844426
32782424 537343678049100
664116805 220525565673762415
718513097 258130535639522253
778624969 303128421564437965
14934272 111516247552128
636633458 202651080240835611
286413629 41016383581681635
22184419 246074234275990
208840282 21807131797339903
453558149 102857497488932175
257316329 33105846713676285
96685755 4674067658302890
599563664 179738293894334280
397137249 78858997470212625
72942241 2660285297522161
212938123 22671322219850626
836891901 350194027398142851
660067196 217844351947684806
577225003 166594352332787506
507888356 128975291334135546
215609268 23243678331552546
924558175 427403909941944400
524901826 137760963731518051
88442923 3911075358613426
210476793 22150240301020821
689507624 237710382121816500
89656981 4019187165845671
802934550 322351946193318525
790896069 312758296375274415
756458762 286114929681515703
192070470 18445532819045685
227706673 25925164578217801
876849732 384432726692660778
318468810 50711191630642455
176733294 15617328692411865
724100446 262160728310749681
466958680 109025204647150540
61520193 1892367104138721
600664341 180398825574814311
441796942 97592269201174153
139184149 9686113736019175
184813023 17077926827605776
146557501 10739550622961251
873105675 381156760295155650
901800261 406621855820734191
589264420 173616278633600410
352341078 62072117799271581
796749936 317405230656377016
672230628 225947008946752506
215780646 23280643701978981
628653257 197602459082680653
567516332 161037393827125278
137019299 9387144217735350
21975312 241457179736328
538992495 145256455102658760
887450565 393784253103134895
995429479 495439924328820460
342724768 58730133471689296
489882649 119992505140569925
930049042 432495610727583403
930093000 432536494789546500
698704038 244093666708104741
956936200 457863445913688100
958790078 459639207315018081
966579605 467138066884267815
232641418 27061014800846071
630803828 198956735025128706
690612297 238472672729114253
512053325 131099304077804475
641729220 205908196221768810
347693319 60445322212464540
426188296 90818232036785956
106071717 5625604626699903
956806755 457739583685218390
691844449 239324371151979025
538967458 145242960660974611
326669063 53356338523983516
309105289 47773039998439405
192995476 18623626974731026
754537875 284663702782026750
944295183 445846696790649336
404746988 81910062349909566
809597351 327723935777907276
136944044 9376835662008990
121703694 7405894627474665
108842581 5923353773792071
462926870 107150643715461885
502222991 126113966595604536
928966537 431489413897369453
78191138 3056927069963091
319172942 50935683612054153
106828085 5706119925797655
581711545 169194161083999285
103758789 5382943199252655
134673971 9068539299791406
263943273 34833025812947901
224187915 25130110728117570
882550853 389448004506789231
600422555 180253622576575290
608665164 185236641237906030
84443551 3565356694966576
700298682 245209122355617903
3150034 4961358675595
658532817 216832735862244153
227812811 25949338541767266
616235731 189873238388670046
514469655 132339513215144340
541335617 146522125387053153
110481559 6103087494776020
437050450 95506548141126475
904353051 408927220878680826
543228086 147548376981225741
50055488 1252775964486816
611429517 186923027435141403
651844999 212450951686577500
732222370 268074799930319635
902348215 407116151008017220
110615277 6117869808201003
358104949 64119577428198775
465007176 108115837098251076
688036897 236697386160712753
921474928 424558021927040056
856738292 367000250917907778
739644479 273536978027412960
628213335 197325997450017780
484451368 117346564220761396
94818694 4495292413342165
712717044 253982792760407490
25611622 327977603541253
855829691 366222230426492586
156777892 12289653788370778
190560038 18156564136560741
105329935 5547197656217080
833412068 347287837960724346
610633782 186436808165128653
858600554 368597456093853735
833628485 347468225918511855
665413359 221387469500538120
426664733 91021397406313011
738722983 272855823175570636
690527668 238414230482022946
370416446 68604171918843681
308957612 47727403160850078
33941913 576026746020741
27468598 377261951777101
38333897 734743848770253
2437672 2971123608628
80685136 3255045626011816
361264477 65256011351674003
142453912 10146558593278828
305588558 46692183543053961
751776432 282583902231213528
410621423 84304976718583176
666730057 222264484786976653
969698763 470157845966714466
32600304 531389926746360
784090211 307398729885057366
384770958 74024345252504361
735630788 270576328494565866
272843038 37221661828956241
307254119 47202546974860140
442908845 98084122711071435
202489421 20500982909702331
753283223 283717807403275476
940543067 442310630911154778
305518848 46670883394382976
334484212 55939844205872578
364495761 66428580075732441
631334613 199291697101597191
871226485 379517794518340855
722152246 260751933562498381
316550292 50102043840917778
436676638 95343243305829841
12818702 82159566891753
803013638 322415451808504341
117902330 6950479768665615
197178545 19439689402747785
592810592 175712199290100528
753593675 283951713876799650
299810677 44943221171504503
115946433 6721787720684961
556522774 154858799268588925
581831008 169263661226063536
231548295 26807306574477660
150099121 11264873137535881
351106669 61637946683691115
779809428 304051372388748306
714832649 255492858395594925
31744668 503861989087446
853867959 364545246130346820
702688426 246885512368522951
598444199 179067729957597900
553732557 153309872617745403
574012890 164745399230082495
817825881 334419586225626021
167924832 14099374685076528
520435525 135426568101230575
745179344 277646127734724840
964989131 465602011956562146
770128648 296549067620218276
964516411 465145954026418666
475457831 113030074767341196
671286559 225312822482673520
139784648 9769873978134276
198589845 19718963367856935
397161857 78868770526425153
635983849 202237728412419325
132471195 8774308818599610
681586546 232280110184898331
110732819 6130878657209790
380711599 72470660996924200
73070801 2669671015926201
63337633 2005827908690161
67616295 2285981708571660
858507627 368517673237839378
868936846 377525621602682281
393497129 77419995462369885
297120668 44140345824943446
880956430 388042116219650665
292363849 42738310247229325
897083074 402379021277186275
641656419 205861480342779990
502925818 126467189456947471
526115151 138398576318933976
13696088 93791420099916
729310210 265946691569777155
589466501 173735378195324751
466547264 108833175006216480
697501581 243254228097500571
11121939 61848769120830
921910651 424959624674577226
829034639 343649216745447480
631017781 199091720284590871
558483140 155951709111371370
828794010 343449755920337055
568364036 161518838993286666
412123098 84922724158620351
249884247 31221068574320628
281184021 39532226973456231
921422907 424510087232876778
727482679 264615524486249860
792563361 314078340996089841
657230355 215975870095328190
308766756 47668454959765146
899997631 404997868352804896
71324044 2543559661918990
888345904 394579223020961560
914654595 418296514534634310
761116182 289648921631686653
602127255 181278615907981140
110436345 6098093203697685
807039600 325656458387599800
63758997 2032604881102503
263368019 34681356847676190
772933491 298713091141190286
7294167 26602439759028
57855688 1673640345904516
322125030 51882267637312965
442099602 97726029265329003
982017015 482178709365763620
514505969 132358196325567465
695549322 241894430015104503
885335236 391909240494255466
329573860 54309464762436730
903894405 408512548147099215
935044364 437153981791604430
622304613 193631515991692191
675155719 227917622786781340
580262059 168352028847590770
193338704 18689927328869160
679229258 230676192801229911
510759834 130437804269233695
57794 1670102115
87763402 3851207409188503
272466746 37119063974147631
810296623 328290309027750376
916147418 419663046212107071
144458500 10434129183354250
61681774 1902320652734425
362361897 65653072379900253
433783352 94083998453069628
824851997 340190408889870003
187061782 17496055236038653
834082111 347846484362149216
99502037 4950327733325703
583512646 170243504312716981
723227861 261529269824931591
84317950 3554758388260225
640061662 204839465901131953
358422085 64233195687084655
362186305 65589459945869665
670449989 224751594210275055
84254515 3549411691069870
657570803 216199680807817806
947436646 448818099565582981
564584137 159377624158309453
321283306 51611481517786471
396823488 78734440512654816
20449603 209093141653606
165934737 13767168554596953
675998154 228486752443702935
51221036 1311797290067166
384457801 73903900567106701
983978873 484107211747164501
284855507 40571330076541278
901282126 406154735774181001
611865569 187189737569779665
479736753 115073676329359881
966571443 467130177694836846
292423759 42755827560056920
364662501 66489370000118751
709521469 251710357840719715
528890448 139862553257265576
655352558 214743487966247961
377886756 71399200369045146
359138933 64490386777758711
571423811 163262586174593766
877419772 384932728586975878
115484128 6668291967702256
269010308 36183273039632586
200078937 20015790615564453
695263711 241695814264377616
650168657 211359641597676153
325471211 52965754757638866
586856466 172200256136432811
841057808 353689118619411336
279477282 39053775716792403
867311357 376114495424246403
701330724 245932392563847450
699212959 244449381366374320
162063345 13132263977326185
497307234 123657242743018995
792589047 314098699108478628
129897644 8436699023324190
788795345 311099048541232185
467917207 109473256537299028
467234856 109154205564287796
801552622 321243303318313753
975315914 475620566538485655
