978 52
646 809 795 359 529 888 708 763 229 445 878 631 589 947 879 583 481 306 30 392 885 77 805 896 719 188 260 619 402 755 21 327 769 706 420 798 614 459 748 634 428 313 603 155 222 461 264 100 429 772 624 944 494 868 581 637 50 546 891 894 701 233 494 390 399 787 198 729 781 711 942 235 118 853 411 822 940 466 858 808 811 762 931 536 440 4 35 935 815 330 612 589 669 682 956 475 837 686 948 64 106 149 529 675 749 452 287 346 161 952 962 266 753 256 560 963 339 248 741 963 81 18 332 904 674 165 747 453 52 486 270 254 86 759 288 771 462 839 939 512 123 285 211 37 291 190 388 929 310 829 753 996 530 970 256 612 603 843 887 199 629 11 619 784 992 88 511 162 309 979 723 698 269 941 579 698 140 817 970 49 832 165 625 726 863 84 479 467 26 168 453 209 768 356 371 728 189 4 392 78 939 825 526 374 747 517 620 695 170 127 184 385 718 787 23 485 780 339 499 923 478 679 931 490 109 602 920 717 573 898 628 289 811 201 506 945 393 328 630 298 821 484 347 167 322 322 945 757 852 741 650 405 502 42 554 514 149 951 139 381 916 522 380 68 787 571 749 799 527 248 818 344 300 377 531 679 832 261 586 283 379 190 325 381 899 769 848 97 572 664 571 830 39 191 401 421 338 470 823 767 767 104 834 41 618 363 604 979 891 944 149 486 787 539 417 906 194 357 411 782 716 436 565 808 87 68 720 120 27 910 943 446 135 504 416 551 300 980 777 94 386 1 373 124 724 679 771 809 371 223 800 84 340 362 310 902 378 776 132 791 620 789 69 759 154 995 316 62 44 507 285 502 108 770 347 519 520 963 276 246 667 225 202 823 726 741 952 678 445 970 45 79 461 863 34 235 391 97 708 394 583 288 993 337 442 635 363 608 21 660 999 241 305 825 445 314 303 971 201 336 315 516 965 696 629 434 459 262 554 718 309 261 579 998 421 124 738 216 524 746 166 913 449 18 989 626 211 375 837 460 971 302 383 462 618 970 325 839 627 474 580 181 764 675 858 884 602 70 849 712 431 853 102 671 126 115 614 601 598 961 351 768 399 140 573 117 454 209 58 672 134 97 417 842 343 369 895 747 312 859 283 348 772 587 533 39 534 608 328 758 602 447 928 420 102 245 715 342 997 518 563 292 907 695 716 63 283 12 618 326 457 14 814 897 932 553 566 792 631 115 816 816 895 830 20 89 334 476 787 889 695 650 320 164 90 917 71 67 219 485 245 822 550 324 194 164 731 713 785 789 25 191 611 754 546 290 600 31 828 572 519 485 957 327 881 481 333 973 42 800 742 212 55 485 788 544 996 993 343 247 637 723 890 171 166 213 459 25 579 178 476 401 551 897 716 513 487 698 99 423 354 312 698 85 191 353 409 1000 957 180 682 879 793 937 689 70 96 551 818 388 529 538 785 148 258 710 609 564 374 250 845 259 910 748 35 314 372 812 99 264 721 345 427 888 508 960 654 861 776 450 191 812 872 443 367 85 32 506 171 535 97 138 524 378 114 197 940 754 139 172 734 348 259 721 228 760 462 734 171 579 50 883 551 55 393 68 635 672 91 231 671 460 530 927 109 757 53 275 22 111 52 88 426 537 168 873 433 320 996 16 579 133 229 487 757 786 434 279 268 423 56 842 477 860 958 79 168 417 938 739 667 321 325 959 566 687 650 180 628 785 269 25 554 493 931 927 42 688 915 818 952 588 418 952 62 817 226 203 171 844 118 189 800 275 513 944 650 477 704 748 1000 878 484 366 149 57 742 90 850 938 406 816 83 879 209 883 273 292 174 683 841 504 93 43 755 243 857 704 765 545 972 426 810 21 606 870 959 701 684 118 707 752 578 24 97 410 173 682 150 695 865 603 393 999 661 503 743 460 149 945 878 175 876 458 892 36 325 609 634 499 535 767 353 997 611 842 404 731 33 424 580 170 261 162 635 104 371 672 230 989 796 871 313 535 830 612 486 626 42 918 470 605 392 593 884 105 631 877 164 799 783 820 232 607 307 131 629 885 391 978 764 709 871 983 876 800 117 868 890 983 90 116 107 262 665 514 871 390 787 310 434 523 423 881 528 624 567 411 309 784 833 140 312 359 323 732 870 173 539 360 312 41 529 405 787 152 315 746 174 837 913 688 705 179 615 944 542 617 814 485 374 232 550 952 398 499 264 873
3 877 877
3 79 939
3 598 853
3 582 641
3 972 973
2 120 565
2 289 548
1 327 538 474
2 341 25
1 30 763 614
1 451 727 643
3 941 958
3 649 657
1 412 480 103
3 705 847
2 876 974
2 273 553
1 893 923 228
3 172 467
1 791 885 568
1 145 397 57
3 802 928
1 976 976 808
2 111 403
1 801 923 120
1 6 90 183
2 835 465
2 775 764
2 329 958
2 222 560
3 539 929
3 318 488
2 142 520
1 799 830 736
1 238 799 618
3 379 847
1 469 794 807
2 353 764
3 611 922
3 213 937
3 970 970
1 61 810 406
3 523 880
1 808 953 95
3 571 745
2 127 292
3 808 873
3 473 565
2 289 599
1 537 664 467
3 597 747
3 445 470
